                        identity      n  base_rate  selection_rate    PPV  \
0                        OVERALL  97320     0.0799          0.0856 0.6873   
1                           male   2112     0.1515          0.1061 0.7679   
2                         female   2602     0.1345          0.0796 0.8406   
3      homosexual_gay_or_lesbian    538     0.2862          0.1468 0.7975   
4                      christian   2109     0.0996          0.0512 0.7870   
5                         jewish    411     0.1655          0.0998 0.7317   
6                         muslim   1054     0.2211          0.1195 0.7698   
7                          black    761     0.3233          0.1840 0.8071   
8                          white   1178     0.2997          0.1689 0.8040   
9  psychiatric_or_mental_illness    238     0.2269          0.2059 0.7755   

     TPR    FPR    FNR  
0 0.7363 0.0291 0.2637  
1 0.5375 0.0290 0.4625  
2 0.4971 0.0147 0.5029  
3 0.4091 0.0417 0.5909  
4 0.4048 0.0121 0.5952  
5 0.4412 0.0321 0.5588  
6 0.4163 0.0353 0.5837  
7 0.4593 0.0524 0.5407  
8 0.4533 0.0473 0.5467  
9 0.7037 0.0598 0.2963  